2015
5-11, nikolsy, potapov
https://drive.google.com/file/d/1Ug3crAdMARfw_Zg8_LuGjhBx0IJOB3CY/view
    ..50

2003
Kulanin - 300 zadach
https://vk.com/doc486938650_465887854

2004
2350600C93BA411C7928644DB350B910
http://alleng.org/d/math/math742.htm
Raihmist - Zadachnik po Matematike
    1.
        001,02,03,04,05,06
        011,12,13,14,15,16
        021,22,23,24,25,26
        031,32,33,34,35,36
        041,42,43,44,45,46,47
        051,52,53,54,55,56
        061,62,63,64,65,66, 69
        071,72,73,74,75,76
        081,82,83,84,85,86, 89
(103)   101,02,03,04, 10
        111,12,13,14


Farkov
    5 class
         1 - 1,2,3,4,5,6
         2 - 1,2,3,4,5,6
         3 - 1,2,3,4,5,6
         4 - 1,2,3,4,5
         5 - 1,2,3,4,5
         6 - 1,2,3,4,5
         7 - 1,2,3,4,5,6,7
         8 - 1,2,3,4,5,6,7???
         9 - 1,2,3,4,5,6
        10 - 1,2,3,4,5,6
        11 - 1,2,3,4
        12 - 1,2,3,4,5
        13 - 1,2,3,4
    6 class
        1  - 1,3,4,5,6
        2  - 1,2,3,4,5
        3  - 1,2,3,4
        4  - 1,2,3,4,5
        5  - 1,2,3,4,5
        6  - 1,2,3,4,5
        7  - 1,2,3,4,5
        8  - 1,2,3,4
        (p 64 a 147)
